
Summary of NCS information
Wed Apr 18 15:18:21 2018
/Users/terwill/Downloads/view/emd_2842





new_ncs_group
new_operator

rota_matrix    1.0000    0.0000    0.0000
rota_matrix    0.0000    1.0000    0.0000
rota_matrix    0.0000    0.0000    1.0000
tran_orth     0.0000    0.0000    0.0000

center_orth   10.0000   10.0000   10.0000
new_operator

rota_matrix    0.6235    0.7818   -0.0000
rota_matrix   -0.7818    0.6235    0.0000
rota_matrix    0.0000   -0.0000    1.0000
tran_orth    -4.0532   11.5834    0.0000

center_orth   10.0000   10.0000   10.0000
new_operator

rota_matrix   -0.2225    0.9749    0.0000
rota_matrix   -0.9749   -0.2225    0.0000
rota_matrix    0.0000    0.0000    1.0000
tran_orth     2.4759   21.9745    0.0000

center_orth   10.0000   10.0000   10.0000
new_operator

rota_matrix   -0.9010    0.4339    0.0000
rota_matrix   -0.4339   -0.9010    0.0000
rota_matrix    0.0000    0.0000    1.0000
tran_orth    14.6708   23.3485    0.0000

center_orth   10.0000   10.0000   10.0000
new_operator

rota_matrix   -0.9010   -0.4339    0.0000
rota_matrix    0.4339   -0.9010    0.0000
rota_matrix    0.0000    0.0000    1.0000
tran_orth    23.3485   14.6709    0.0000

center_orth   10.0000   10.0000   10.0000
new_operator

rota_matrix   -0.2225   -0.9749    0.0000
rota_matrix    0.9749   -0.2225    0.0000
rota_matrix    0.0000    0.0000    1.0000
tran_orth    21.9745    2.4760    0.0000

center_orth   10.0000   10.0000   10.0000
new_operator

rota_matrix    0.6235   -0.7818    0.0000
rota_matrix    0.7818    0.6235   -0.0000
rota_matrix   -0.0000    0.0000    1.0000
tran_orth    11.5835   -4.0532    0.0000

center_orth   10.0000   10.0000   10.0000
new_operator

rota_matrix   -1.0000    0.0000    0.0000
rota_matrix    0.0000    1.0000    0.0000
rota_matrix    0.0000    0.0000   -1.0000
tran_orth    20.0000    0.0000   20.0000

center_orth   10.0000   10.0000   10.0000
new_operator

rota_matrix   -0.6235    0.7818    0.0000
rota_matrix    0.7818    0.6235    0.0000
rota_matrix    0.0000    0.0000   -1.0000
tran_orth     8.4166   -4.0532   20.0000

center_orth   10.0000   10.0000   10.0000
new_operator

rota_matrix    0.2225    0.9749    0.0000
rota_matrix    0.9749   -0.2225    0.0000
rota_matrix    0.0000    0.0000   -1.0000
tran_orth    -1.9745    2.4759   20.0000

center_orth   10.0000   10.0000   10.0000
new_operator

rota_matrix    0.9010    0.4339    0.0000
rota_matrix    0.4339   -0.9010    0.0000
rota_matrix    0.0000    0.0000   -1.0000
tran_orth    -3.3485   14.6708   20.0000

center_orth   10.0000   10.0000   10.0000
new_operator

rota_matrix    0.9010   -0.4339    0.0000
rota_matrix   -0.4339   -0.9010   -0.0000
rota_matrix    0.0000   -0.0000   -1.0000
tran_orth     5.3291   23.3485   20.0000

center_orth   10.0000   10.0000   10.0000
new_operator

rota_matrix    0.2225   -0.9749    0.0000
rota_matrix   -0.9749   -0.2225   -0.0000
rota_matrix    0.0000   -0.0000   -1.0000
tran_orth    17.5240   21.9745   20.0000

center_orth   10.0000   10.0000   10.0000
new_operator

rota_matrix   -0.6235   -0.7818   -0.0000
rota_matrix   -0.7818    0.6235    0.0000
rota_matrix   -0.0000    0.0000   -1.0000
tran_orth    24.0532   11.5835   20.0000

center_orth   10.0000   10.0000   10.0000


