
Summary of NCS information
Mon Nov  9 10:06:34 2015
/Users/terwill/Desktop/working/Jan_2015/phenix/cryo-pdb/3j9c/blobs





new_ncs_group
new_operator

rota_matrix    1.0000    0.0000    0.0000
rota_matrix    0.0000    1.0000    0.0000
rota_matrix    0.0000    0.0000    1.0000
tran_orth     0.0000    0.0000    0.0000

center_orth   18.1267   39.0869   16.3485
CHAIN A
RMSD 0
MATCHING 18
  RESSEQ 305:322

new_operator

rota_matrix    0.6235    0.7818    0.0000
rota_matrix   -0.7818    0.6235    0.0000
rota_matrix   -0.0000   -0.0000    1.0000
tran_orth   -14.8728   23.9186    0.0000

center_orth    8.7170   35.2568   16.3490
CHAIN B
RMSD 0.0006
MATCHING 18
  RESSEQ 305:322

new_operator

rota_matrix   -0.2225    0.9749    0.0000
rota_matrix   -0.9749   -0.2225    0.0000
rota_matrix    0.0000   -0.0000    1.0000
tran_orth    -5.4432   50.4629   -0.0007

center_orth    5.8467   25.5100   16.3495
CHAIN C
RMSD 0.0004
MATCHING 18
  RESSEQ 305:322

new_operator

rota_matrix   -0.9010    0.4339   -0.0000
rota_matrix   -0.4339   -0.9010    0.0000
rota_matrix   -0.0000    0.0000    1.0000
tran_orth    21.1858   59.6326    0.0000

center_orth   11.6703   17.1839   16.3485
CHAIN D
RMSD 0.0004
MATCHING 18
  RESSEQ 305:322

new_operator

rota_matrix   -0.9010   -0.4339   -0.0000
rota_matrix    0.4339   -0.9010   -0.0000
rota_matrix   -0.0000   -0.0000    1.0000
tran_orth    44.9594   44.5364   -0.0006

center_orth   21.8108   16.5521   16.3495
CHAIN E
RMSD 0.0004
MATCHING 18
  RESSEQ 305:322

new_operator

rota_matrix   -0.2225   -0.9749    0.0000
rota_matrix    0.9749   -0.2225   -0.0000
rota_matrix    0.0000    0.0000    1.0000
tran_orth    47.9895   16.5293    0.0005

center_orth   28.6368   24.0954   16.3473
CHAIN F
RMSD 0.0006
MATCHING 18
  RESSEQ 305:322

new_operator

rota_matrix    0.6235   -0.7818    0.0000
rota_matrix    0.7818    0.6235    0.0000
rota_matrix   -0.0000    0.0000    1.0000
tran_orth    27.9737   -3.2911    0.0000

center_orth   26.9919   34.1217   16.3485
CHAIN G
RMSD 0.0005
MATCHING 18
  RESSEQ 305:322



